

##########################################################################################################################################################################################
## Layer Name  nLep	SFOS	nextra	flavour Pt(L1) Pt(L2) Pt(L3) eta(L) MZcut	MLLcut	MET	nJet Pt(j1)  Pt(j2) etaJet Deta(jj)  M(jj) DetaLL  bTagVeto jetID  polarization##
##########################################################################################################################################################################################
#
nlep		    3     0     99        0        0   	0	    0	  0	       0     0       0    0     0      0      0      0       0       0        99     -99       99
SFOS		    3    -1     99        0        0   	0	    0	  0	       0     0       0    0     0      0      0      0       0       0        99     -99       99
nextra		    3    -1     0        0        0   	0	    0	  0	       0     0       0    0     0      0      0      0       0       0        99     -99       99
pt_lep		    3    -1     0        0        20   	20	   20	  0	       0     0       0    0     0      0      0      0       0       0        99     -99       99
eta_lep		    3    -1     0        0        20   	20	   20	 2.5	   0     0       0    0     0      0      0      0       0       0        99     -99       99
MZcut		    3    -1     0        0        20   	20	   20	 2.5	  20     0       0    0     0      0      0      0       0       0        99     -99       99
Mllcut		    3    -1     0        0        20   	20	   20	 2.5	  20    20       0    0     0      0      0      0       0       0        99     -99       99
MET		  		3    -1     0        0        20   	20	   20	 2.5	  20    20      30    0     0      0      0      0       0       0        99     -99       99
njet		  	3    -1     0        0        20   	20	   20	 2.5	  20    20      30    2     0      0      0      0       0       0        99     -99       99
pt_jet		  	3    -1     0        0        20   	20	   20	 2.5	  20    20      30    2    50     50      0      0       0       0        99     -99       99
eta_jet		  	3    -1     0        0        20   	20	   20	 2.5	  20    20      30    2    50     50     4.7     0       0       0        99     -99       99
Detajj		  	3    -1     0        0        20   	20	   20	 2.5	  20    20      30    2    50     50     4.7     4       0       0        99     -99       99
Mjj 		  	3    -1     0        0        20   	20	   20	 2.5	  20    20      30    2    50     50     4.7     4     600       0        99     -99       99
#leptoncuts      3    -1     0        0       20  	20	   20	 2.5	   20     20    30    0     0      0      0      0       0       0        99     -99       99
#total           3    -1     0        0       20  	20	   20	 2.5	   20     20    30    2     50     50     4.7    4       600     0        99     -99       99
